Database at: S
Size is: 1806
Size is: 1806
34
49
54
74
95
102
106
109
111
115
125
151
168
172
181
194
195
204
212
237
241
246
261
262
263
279
286
290
299
300
319
338
339
343
367
385
397
400
405
413
414
416
419
435
445
448
463
477
520
521
523
535
548
553
554
557
561
563
572
590
592
594
598
615
624
626
640
673
680
708
729
740
762
768
774
777
779
791
792
806
809
812
833
847
879
904
918
934
936
942
951
961
963
964
974
978
980
981
984
1007
1016
1020
1027
1030
1033
1039
1080
1114
1124
1134
1138
1152
1154
1170
1201
1211
1227
1239
1241
1248
1258
1259
1273
1296
1300
1306
1361
1364
1365
1371
1374
1394
1404
1408
1413
1421
1428
1442
1446
1455
1467
1491
1495
1502
1517
1546
1551
1561
1565
1567
1577
1581
1595
1610
1617
1626
1632
1655
1662
1663
1670
1694
1704
1712
1721
1728
1729
1730
1746
1749
1784
1787
1801
1816
1817
1826
1833
1835
1836
1843
1848
1858
1869
1872
1906
1922
1935
1952
1968
1969
1970
1977
1978
1992
2010
2013
2041
2055
2083
2092
2113
2138
2142
2174
2189
2197
2199
2218
2221
2222
2233
2254
2279
2282
2290
2294
2295
2300
2328
2332
2367
2371
2378
2381
2386
2398
2411
2421
2432
2467
2495
2502
2504
2505
2534
2575
2582
2586
2602
2613
2616
2624
2631
2640
2647
2658
2668
2670
2676
2699
2709
2711
2721
2724
2734
2753
2762
2763
2768
2770
2772
2777
2784
2798
2800
2802
2820
2846
2853
2858
2891
2904
2915
2919
2968
2972
2992
3015
3017
3029
3030
3038
3043
3058
3065
3068
3084
3100
3109
3121
3128
3129
3134
3138
3145
3170
3178
3179
3201
3217
3230
3250
3259
3304
3321
3322
3329
3343
3369
3378
3424
3432
3455
3456
3460
3466
3472
3490
3497
3502
3503
3511
3513
3535
3550
3558
3567
3571
3576
3623
3636
3651
3659
3672
3711
3712
3720
3721
3730
3735
3755
3756
3782
3785
3789
3809
3811
3820
3822
3837
3866
3872
3899
3900
3901
3913
3929
3931
3935
3948
3951
3980
4005
4009
4025
4034
4049
4055
4087
4092
4101
4108
4109
4116
4118
4153
4166
4176
4190
4196
4201
4245
4253
4257
4286
4299
4301
4304
4306
4316
4325
4353
4357
4366
4386
4391
4401
4411
4415
4439
4441
4455
4460
4474
4493
4502
4504
4508
4512
4521
4531
4537
4538
4543
4544
4545
4547
4558
4588
4608
4631
4667
4670
4680
4711
4712
4713
4739
4748
4749
4760
4788
4789
4792
4820
4832
4834
4841
4850
4857
4858
4874
4885
4886
4890
4892
4898
4902
4911
4916
4919
4925
4927
4934
4937
4948
4959
4962
4982
5002
5007
5015
5020
5036
5055
5056
5081
5090
5093
5130
5133
5141
5151
5160
5165
5167
5177
5204
5211
5218
5224
5227
5229
5232
5236
5239
5245
5250
5251
5252
5253
5270
5273
5275
5320
5323
5325
5336
5349
5351
5357
5358
5366
5371
5380
5395
5396
5401
5407
5420
5436
5481
5484
5486
5515
5526
5540
5551
5556
5558
5564
5582
5593
5597
5622
5630
5641
5653
5659
5669
5681
5685
5691
5696
5719
5732
5736
5738
5744
5753
5762
5765
5785
5789
5800
5803
5814
5826
5828
5829
5837
5879
5880
5899
5904
5937
5948
5961
5969
5974
5975
5977
5988
5990
6001
6009
6012
6032
6043
6044
6045
6047
6058
6088
6099
6103
6113
6114
6117
6124
6127
6142
6153
6180
6198
6221
6232
6250
6276
6289
6298
6299
6302
6311
6328
6358
6364
6386
6396
6438
6490
6497
6502
6518
6532
6535
6541
6544
6551
6552
6564
6577
6580
6599
6611
6613
6617
6634
6642
6644
6649
6662
6664
6672
6677
6709
6715
6717
6721
6728
6729
6736
6738
6753
6761
6767
6771
6772
6776
6799
6808
6814
6825
6826
6850
6854
6855
6856
6866
6883
6891
6892
6898
6905
6925
6930
6931
6940
6956
6959
6972
6973
6979
6997
7004
7007
7011
7012
7015
7016
7046
7066
7098
7104
7107
7108
7122
7126
7128
7130
7158
7159
7206
7218
7225
7231
7238
7254
7255
7290
7296
7305
7308
7312
7314
7317
7318
7322
7333
7336
7358
7371
7385
7386
7392
7395
7409
7422
7440
7443
7445
7449
7451
7464
7468
7507
7526
7534
7545
7562
7585
7634
7639
7657
7671
7684
7693
7697
7699
7700
7705
7710
7720
7723
7731
7733
7747
7748
7759
7774
7782
7788
7802
7827
7828
7845
7855
7866
7875
7876
7877
7879
7880
7905
7921
7924
7930
7937
7940
7943
7945
7948
7969
7973
7988
7993
7996
8009
8014
8015
8016
8025
8029
8035
8049
8061
8081
8112
8125
8139
8143
8145
8151
8156
8164
8166
8178
8193
8210
8212
8229
8232
8235
8245
8246
8261
8264
8267
8284
8285
8354
8355
8360
8382
8383
8394
8397
8411
8419
8448
8481
8488
8510
8516
8519
8550
8554
8555
8556
8568
8589
8591
8622
8624
8636
8644
8652
8662
8667
8672
8676
8677
8690
8699
8700
8739
8742
8743
8745
8752
8763
8766
8777
8781
8796
8819
8821
8822
8829
8841
8868
8873
8878
8906
8910
8931
8961
8982
8985
9001
9011
9026
9040
9045
9064
9065
9071
9090
9091
9095
9096
9097
9098
9104
9114
9150
9151
9153
9196
9197
9219
9231
9240
9248
9267
9268
9275
9291
9296
9305
9313
9318
9330
9332
9337
9353
9359
9365
9379
9398
9416
9420
9426
9452
9454
9462
9499
9504
9506
9507
9518
9519
9531
9532
9537
9544
9550
9552
9554
9561
9566
9580
9590
9591
9594
9595
9604
9606
9628
9650
9652
9663
9670
9685
9716
9720
9746
9760
9790
9791
9799
9815
9817
9819
9822
9825
9848
9853
9861
9871
9875
9880
9881
9892
9902
9912
9916
9941
9944
9950
9956
9957
9971
9998
